SC10000001311GGP92W01201700202019080000005102QJSV0EQGP90  2019082017001900060001-13782901000000000000
200A000000
00002749100001040000010
0000643030000104000002
000015075000010400000201904
00006499200001040000008
00006499200002040000009
00006499200003040000010
00006499200004040000011
00006499200005040000012
0000046880000104000004980000600000001
0000496440000104000003
000059541000010400000 
000033779000012100000äYìñåàçœì˙ÇÃÉ|ÉCÉìÉgé¿ê—Ç™ë∂ç›ÇµÇ‹ÇπÇÒ
000027491000020400000
000064303000020400000
000049644000020400000 
000059541000020400000
000033779000022100000
000027491000030400000
000064303000030400000
000049644000030400000 
000059541000030400000
000033779000032100000
000027491000040400000
000064303000040400000
000049644000040400000 
000059541000040400000
000033779000042100000
000027491000050400000
000064303000050400000
000049644000050400000 
000059541000050400000
000033779000052100000
000015287000010400000ÇkÇsÇaâÊÇeÇUÇPÅ|ÇO